0,0,0,0,0,0,0,0,0,0
0,0,0,0,0,0,0,0,0,1
0.0,0.0,0.0,0.0,0.0,0.02,0.0,0.0,0.0,2
0.0,0.0,0.0,0.0,0.0,0.02,0.0,0.0,0.0,3
0.0,0.0,0.0,0.0,0.0,0.0,0.0,0.0,-0.0,4
0.0,0.0,0.0,0.0,0.0,0.0,0.0,0.0,-0.0,5
0.0,0.0,0.0,0.0,0.0,0.03,0.0,0.0,0.09,6
0.0,0.0,0.0,0.0,0.0,0.03,0.0,0.0,0.09,7
0.0,0.0,0.25,0.0,0.0,0.04,0.0,0.0,0.06,8
0.0,0.0,0.25,0.0,0.0,0.04,0.0,0.0,0.06,9
0.0,0.0,0.25,0.0,0.0,0.08,0.0,0.0,-0.09,10
0.25,0.5,0.75,0.0,0.0,0.08,0.0,0.0,-0.09,11
0.75,0.0,0.0,0.75,0.0,0.0,-1.22,-0.02,-0.0,12
0.75,0.0,0.25,0.75,0.0,0.0,-1.22,-0.02,-0.0,13
0.75,0.0,0.0,0.75,0.0,0.01,-1.24,-0.01,0.01,14
0.75,0.0,0.0,0.75,0.0,0.01,-1.24,-0.01,0.01,15
1.0,0.5,0.25,1.0,0.5,0.01,-1.47,-0.74,0.0,16
1.5,0.0,1.0,1.0,0.5,0.01,-1.47,-0.74,0.0,17
1.75,0.5,2.25,1.75,0.5,0.0,-2.15,-0.62,0.0,18
2.75,0.0,4.75,1.75,0.5,0.0,-2.15,-0.62,0.0,19
4.25,1.0,7.75,4.25,1.0,0.0,-4.26,-1.01,0.0,20
5.5,1.5,11.0,4.25,1.0,0.0,-4.26,-1.01,0.0,21
7.25,2.0,14.75,7.25,2.0,0.0,-5.89,-1.63,0.0,22
8.75,2.5,17.75,7.25,2.0,0.0,-5.89,-1.63,0.0,23
9.75,4.0,20.25,9.75,4.0,0.0,-6.44,-2.65,-0.0,24
10.25,4.0,23.25,9.75,4.0,0.0,-6.44,-2.65,-0.0,25
12.0,5.0,27.5,12.0,5.0,0.0,-6.5,-2.72,-0.0,26
13.0,5.5,30.75,12.0,5.0,0.0,-6.5,-2.72,-0.0,27
14.75,6.5,35.0,14.75,6.5,0.0,-6.63,-2.94,-0.0,28
16.25,8.0,39.0,14.75,6.5,0.0,-6.63,-2.94,-0.0,29
17.75,9.0,42.5,17.75,9.0,0.0,-6.69,-3.42,-0.0,30
20.0,10.0,46.5,17.75,9.0,0.0,-6.69,-3.42,-0.0,31
20.5,10.5,50.0,20.5,10.5,0.0,-6.56,-3.39,-0.0,32
22.75,10.5,53.0,20.5,10.5,0.0,-6.56,-3.39,-0.0,33
23.75,11.5,56.25,23.75,11.5,0.0,-6.52,-3.2,-0.0,34
24.75,12.0,59.0,23.75,11.5,0.0,-6.52,-3.2,-0.0,35
25.75,12.5,61.5,25.75,12.5,0.0,-6.13,-3.02,-0.0,36
27.0,13.5,65.25,25.75,12.5,0.0,-6.13,-3.02,-0.0,37
28.5,14.5,69.0,28.5,14.5,0.0,-5.95,-3.07,-0.0,38
31.25,15.5,73.5,28.5,14.5,0.0,-5.95,-3.07,-0.0,39
32.5,16.5,78.0,32.5,16.5,0.0,-6.01,-3.1,-0.0,40
35.75,16.5,82.75,32.5,16.5,0.0,-6.01,-3.1,-0.0,41
37.25,18.0,87.5,37.25,18.0,0.0,-6.16,-3.03,-0.0,42
39.0,18.5,92.75,37.25,18.0,0.0,-6.16,-3.03,-0.0,43
41.75,19.5,98.0,41.75,19.5,0.0,-6.23,-2.97,-0.0,44
44.5,21.0,103.25,41.75,19.5,0.0,-6.23,-2.97,-0.0,45
47.0,21.0,108.0,47.0,21.0,0.0,-6.39,-2.92,-0.0,46
49.0,21.5,113.5,47.0,21.0,0.0,-6.39,-2.92,-0.0,47
51.5,23.5,118.5,51.5,23.5,0.0,-6.44,-3.0,-0.0,48
53.5,24.0,123.25,51.5,23.5,0.0,-6.44,-3.0,-0.0,49
55.75,26.0,128.5,55.75,26.0,0.0,-6.46,-3.08,-0.0,50
58.0,25.0,133.0,55.75,26.0,0.0,-6.46,-3.08,-0.0,51
59.5,26.5,136.0,59.5,26.5,0.0,-6.45,-2.94,-0.0,52
61.0,27.0,139.0,59.5,26.5,0.0,-6.45,-2.94,-0.0,53
62.0,27.5,142.0,62.0,27.5,0.0,-6.33,-2.88,-0.0,54
62.75,28.0,145.75,62.0,27.5,0.0,-6.33,-2.88,-0.0,55
66.0,29.0,150.75,66.0,29.0,0.0,-6.39,-2.88,-0.0,56
68.25,29.5,156.25,66.0,29.0,0.0,-6.39,-2.88,-0.0,57
71.25,30.5,161.25,71.25,30.5,0.0,-6.59,-2.9,-0.0,58
73.75,31.5,166.75,71.25,30.5,0.0,-6.59,-2.9,-0.0,59
75.0,33.0,171.5,75.0,33.0,0.0,-6.67,-3.01,-0.0,60
77.75,34.5,177.0,75.0,33.0,0.0,-6.67,-3.01,-0.0,61
79.75,35.0,181.25,79.75,35.0,0.0,-6.85,-3.09,-0.0,62
81.75,36.0,185.5,79.75,35.0,0.0,-6.85,-3.09,-0.0,63
84.25,35.5,190.25,84.25,35.5,0.0,-7.03,-3.05,-0.0,64
85.75,36.5,193.75,84.25,35.5,0.0,-7.03,-3.05,-0.0,65
87.25,37.5,198.5,87.25,37.5,0.0,-7.1,-3.14,-0.0,66
89.0,38.0,202.0,87.25,37.5,0.0,-7.1,-3.14,-0.0,67
91.0,38.5,205.25,91.0,38.5,0.0,-7.26,-3.16,-0.0,68
92.25,37.5,207.5,91.0,38.5,0.0,-7.26,-3.16,-0.0,69
94.0,37.5,208.25,94.0,37.5,0.0,-7.37,-3.02,-0.0,70
94.5,37.5,210.25,94.0,37.5,0.0,-7.37,-3.02,-0.0,71
96.0,37.0,210.5,96.0,37.0,0.0,-7.42,-2.94,-0.0,72
98.0,35.0,211.75,96.0,37.0,0.0,-7.42,-2.94,-0.0,73
100.5,35.0,214.0,100.5,35.0,0.0,-7.67,-2.76,-0.0,74
102.5,33.5,214.75,100.5,35.0,0.0,-7.67,-2.76,-0.0,75
104.25,31.5,214.0,104.25,31.5,0.0,-7.88,-2.47,-0.0,76
106.75,29.5,214.25,104.25,31.5,0.0,-7.88,-2.47,-0.0,77
108.5,27.5,214.0,108.5,27.5,0.0,-8.14,-2.15,-0.0,78
110.25,25.0,213.25,108.5,27.5,0.0,-8.14,-2.15,-0.0,79
112.25,23.5,213.5,112.25,23.5,0.0,-8.37,-1.84,-0.0,80
113.75,21.5,213.0,112.25,23.5,0.0,-8.37,-1.84,-0.0,81
115.5,20.5,212.25,115.5,20.5,0.0,-8.56,-1.61,-0.0,82
116.5,19.0,212.25,115.5,20.5,0.0,-8.56,-1.61,-0.0,83
118.25,17.5,212.0,118.25,17.5,0.0,-8.73,-1.38,-0.0,84
120.75,14.0,211.75,118.25,17.5,0.0,-8.73,-1.38,-0.0,85
123.5,12.0,211.25,123.5,12.0,0.0,-9.09,-0.98,-0.0,86
125.5,8.5,210.25,123.5,12.0,0.0,-9.09,-0.98,-0.0,87
128.25,6.5,209.25,128.25,6.5,0.0,-9.42,-0.57,-0.0,88
130.0,4.5,209.25,128.25,6.5,0.0,-9.42,-0.57,-0.0,89
133.25,0.5,209.0,133.25,0.5,0.0,-9.76,-0.14,-0.0,90
135.5,1.0,208.25,133.25,0.5,0.0,-9.76,-0.14,-0.0,91
139.0,4.0,208.25,139.0,4.0,0.0,-10.16,-0.4,-0.0,92
142.0,7.0,208.25,139.0,4.0,0.0,-10.16,-0.4,-0.0,93
145.25,10.5,207.5,145.25,10.5,0.0,-10.6,-0.87,-0.0,94
147.5,13.0,206.5,145.25,10.5,0.0,-10.6,-0.87,-0.0,95
150.5,16.5,205.75,150.5,16.5,0.0,-10.96,-1.31,-0.0,96
153.5,19.0,205.25,150.5,16.5,0.0,-10.96,-1.31,-0.0,97
156.5,22.0,206.0,156.5,22.0,0.0,-11.38,-1.72,-0.0,98
159.0,24.0,205.75,156.5,22.0,0.0,-11.38,-1.72,-0.0,99
161.75,26.5,205.75,161.75,26.5,0.0,-11.75,-2.05,-0.0,100
164.25,29.0,205.75,161.75,26.5,0.0,-11.75,-2.05,-0.0,101
166.0,30.5,205.75,166.0,30.5,0.0,-12.05,-2.34,-0.0,102
169.5,34.5,204.25,166.0,30.5,0.0,-12.05,-2.34,-0.0,103
170.75,36.5,202.75,170.75,36.5,0.0,-12.38,-2.78,-0.0,104
171.5,38.5,201.5,170.75,36.5,0.0,-12.38,-2.78,-0.0,105
172.5,41.0,198.75,172.5,41.0,0.0,-12.5,-3.1,-0.0,106
173.25,43.5,195.75,172.5,41.0,0.0,-12.5,-3.1,-0.0,107
173.0,44.5,192.5,173.0,44.5,0.0,-12.53,-3.36,-0.0,108
171.5,46.0,189.25,173.0,44.5,0.0,-12.53,-3.36,-0.0,109
170.0,47.5,185.25,170.0,47.5,0.0,-12.31,-3.57,-0.0,110
169.5,48.0,181.25,170.0,47.5,0.0,-12.31,-3.57,-0.0,111
167.75,50.0,176.75,167.75,50.0,0.0,-12.14,-3.75,-0.0,112
166.75,51.0,173.0,167.75,50.0,0.0,-12.14,-3.75,-0.0,113
167.25,53.5,169.5,167.25,53.5,0.0,-12.1,-4.0,-0.0,114
166.25,56.0,165.0,167.25,53.5,0.0,-12.1,-4.0,-0.0,115
166.0,57.0,161.25,166.0,57.0,0.0,-12.0,-4.26,-0.0,116
163.25,58.0,156.25,166.0,57.0,0.0,-12.0,-4.26,-0.0,117
161.5,59.5,150.25,161.5,59.5,0.0,-11.67,-4.43,-0.0,118
158.75,60.5,144.0,161.5,59.5,0.0,-11.67,-4.43,-0.0,119
156.75,62.5,138.0,156.75,62.5,0.0,-11.32,-4.65,-0.0,120
154.5,64.0,132.25,156.75,62.5,0.0,-11.32,-4.65,-0.0,121
149.75,67.0,120.5,149.75,67.0,0.0,-10.81,-4.97,-0.0,122
146.75,67.5,115.25,149.75,67.0,0.0,-10.81,-4.97,-0.0,123
143.75,68.5,108.75,143.75,68.5,0.0,-10.37,-5.07,-0.0,124
141.25,70.0,103.0,143.75,68.5,0.0,-10.37,-5.07,-0.0,125
139.25,70.5,97.0,139.25,70.5,0.0,-10.05,-5.21,-0.0,126
136.25,72.0,92.0,139.25,70.5,0.0,-10.05,-5.21,-0.0,127
134.75,73.0,86.5,134.75,73.0,0.0,-9.72,-5.39,-0.0,128
132.0,74.0,81.75,134.75,73.0,0.0,-9.72,-5.39,-0.0,129
130.0,75.0,76.75,130.0,75.0,0.0,-9.37,-5.53,-0.0,130
128.0,75.0,72.5,130.0,75.0,0.0,-9.37,-5.53,-0.0,131
126.25,75.5,69.0,126.25,75.5,0.0,-9.1,-5.57,-0.0,132
123.75,76.0,64.75,126.25,75.5,0.0,-9.1,-5.57,-0.0,133
122.5,77.0,60.0,122.5,77.0,0.0,-8.83,-5.67,-0.0,134
120.0,78.0,55.25,122.5,77.0,0.0,-8.83,-5.67,-0.0,135
118.0,79.5,50.0,118.0,79.5,0.0,-8.5,-5.85,-0.0,136
116.75,81.0,45.25,118.0,79.5,0.0,-8.5,-5.85,-0.0,137
115.0,82.0,40.75,115.0,82.0,0.0,-8.28,-6.03,-0.0,138
113.25,83.0,36.25,115.0,82.0,0.0,-8.28,-6.03,-0.0,139
111.25,83.5,31.75,111.25,83.5,0.0,-8.0,-6.14,-0.0,140
108.0,84.5,26.75,111.25,83.5,0.0,-8.0,-6.14,-0.0,141
106.0,85.0,21.25,106.0,85.0,0.0,-7.62,-6.24,-0.0,142
104.75,86.5,16.75,106.0,85.0,0.0,-7.62,-6.24,-0.0,143
102.5,88.0,12.5,102.5,88.0,0.0,-7.37,-6.45,-0.0,144
101.25,88.5,9.5,102.5,88.0,0.0,-7.37,-6.45,-0.0,145
99.5,89.5,4.75,99.5,89.5,0.0,-7.15,-6.56,-0.0,146
98.25,90.5,0.75,99.5,89.5,0.0,-7.15,-6.56,-0.0,147
95.75,91.0,3.25,95.75,91.0,0.0,-6.88,-6.67,-0.0,148
94.75,92.0,6.5,95.75,91.0,0.0,-6.88,-6.67,-0.0,149
94.0,92.5,9.75,94.0,92.5,0.0,-6.75,-6.77,-0.0,150
92.75,93.0,12.0,94.0,92.5,0.0,-6.75,-6.77,-0.0,151
92.25,93.5,13.5,92.25,93.5,0.0,-6.62,-6.85,-0.0,152
91.75,93.0,14.25,92.25,93.5,0.0,-6.62,-6.85,-0.0,153
91.25,93.5,15.0,91.25,93.5,0.0,-6.55,-6.85,-0.0,154
91.75,93.0,14.25,91.25,93.5,0.0,-6.55,-6.85,-0.0,155
92.25,92.5,12.0,92.25,92.5,0.0,-6.62,-6.77,-0.0,156
90.25,90.0,11.0,92.25,92.5,0.0,-6.62,-6.77,-0.0,157
87.5,87.0,10.25,87.5,87.0,0.0,-6.28,-6.37,-0.0,158
84.0,83.5,9.75,87.5,87.0,0.0,-6.28,-6.37,-0.0,159
79.75,79.5,9.75,79.75,79.5,0.0,-5.72,-5.82,-0.0,160
76.0,76.0,9.75,79.75,79.5,0.0,-5.72,-5.82,-0.0,161
71.5,72.0,9.75,71.5,72.0,0.0,-5.13,-5.27,-0.0,162
66.25,67.5,10.75,71.5,72.0,0.0,-5.13,-5.27,-0.0,163
62.75,64.0,9.75,62.75,64.0,0.0,-4.5,-4.69,-0.0,164
58.0,60.0,10.25,62.75,64.0,0.0,-4.5,-4.69,-0.0,165
53.75,57.0,11.75,53.75,57.0,0.0,-3.85,-4.17,-0.0,166
48.5,52.5,12.75,53.75,57.0,0.0,-3.85,-4.17,-0.0,167
44.0,48.5,13.25,44.0,48.5,0.0,-3.15,-3.55,-0.0,168
39.75,44.5,13.5,44.0,48.5,0.0,-3.15,-3.55,-0.0,169
34.5,40.0,13.5,34.5,40.0,0.0,-2.47,-2.93,-0.0,170
29.75,35.5,13.0,34.5,40.0,0.0,-2.47,-2.93,-0.0,171
26.0,32.0,12.5,26.0,32.0,0.0,-1.86,-2.34,-0.0,172
22.0,27.5,12.0,26.0,32.0,0.0,-1.86,-2.34,-0.0,173
18.0,23.0,11.0,18.0,23.0,0.0,-1.29,-1.68,-0.0,174
14.75,20.0,10.25,18.0,23.0,0.0,-1.29,-1.68,-0.0,175
10.5,16.0,9.75,10.5,16.0,0.0,-0.75,-1.17,-0.0,176
8.5,12.5,9.25,10.5,16.0,0.0,-0.75,-1.17,-0.0,177
4.25,9.0,8.25,4.25,9.0,0.0,-0.3,-0.66,-0.0,178
0.75,5.0,8.0,4.25,9.0,0.0,-0.3,-0.66,-0.0,179
3.25,1.5,6.75,3.25,1.5,0.0,-0.23,-0.11,-0.0,180
5.75,1.0,6.25,3.25,1.5,0.0,-0.23,-0.11,-0.0,181
6.75,3.0,5.5,6.75,3.0,0.0,-0.49,-0.22,-0.0,182
7.5,4.0,5.5,6.75,3.0,0.0,-0.49,-0.22,-0.0,183
8.0,4.5,5.0,8.0,4.5,0.0,-0.58,-0.33,-0.0,184
7.5,5.0,4.5,8.0,4.5,0.0,-0.58,-0.33,-0.0,185
8.25,5.5,4.25,8.25,5.5,0.03,-0.59,-0.4,-0.02,186
9.25,6.0,4.0,8.25,5.5,0.03,-0.59,-0.4,-0.02,187
9.75,6.5,4.0,9.75,6.5,0.0,-0.7,-0.48,0.0,188
9.75,6.5,4.0,9.75,6.5,0.0,-0.7,-0.48,0.0,189
9.75,6.5,4.0,9.75,6.5,0.0,-0.7,-0.48,0.0,190
10.25,7.5,4.0,9.75,6.5,0.0,-0.7,-0.48,0.0,191
10.25,7.5,4.0,10.25,7.5,0.0,-0.74,-0.55,0.0,192
10.75,7.5,4.25,10.25,7.5,0.0,-0.74,-0.55,0.0,193
10.75,7.5,4.0,10.75,7.5,0.02,-0.78,-0.55,-0.02,194
10.75,7.5,3.75,10.75,7.5,0.02,-0.78,-0.55,-0.02,195
12.5,9.5,3.5,12.5,9.5,0.02,-0.9,-0.69,-0.01,196
13.75,11.0,2.75,12.5,9.5,0.02,-0.9,-0.69,-0.01,197
16.25,13.5,2.5,16.25,13.5,0.01,-1.18,-0.98,0.0,198
18.75,17.0,1.5,16.25,13.5,0.01,-1.18,-0.98,0.0,199
22.5,21.0,0.75,22.5,21.0,0.01,-1.63,-1.52,0.01,200
25.75,24.5,0.75,22.5,21.0,0.01,-1.63,-1.52,0.01,201
28.75,27.5,1.5,28.75,27.5,0.01,-2.09,-1.99,0.01,202
30.25,30.0,2.25,28.75,27.5,0.01,-2.09,-1.99,0.01,203
32.25,31.5,2.5,32.25,31.5,0.01,-2.35,-2.27,0.0,204
34.75,34.0,2.75,32.25,31.5,0.01,-2.35,-2.27,0.0,205
36.75,35.0,1.75,36.75,35.0,0.0,-2.68,-2.52,0.0,206
38.5,37.0,1.0,36.75,35.0,0.0,-2.68,-2.52,0.0,207
40.25,37.5,0.0,40.25,37.5,0.0,-2.94,-2.7,0.0,208
41.75,38.5,1.5,40.25,37.5,0.0,-2.94,-2.7,0.0,209
43.5,38.5,2.75,43.5,38.5,0.0,-3.17,-2.77,0.0,210
44.75,38.5,5.0,43.5,38.5,0.0,-3.17,-2.77,0.0,211
46.25,38.0,7.5,46.25,38.0,0.0,-3.37,-2.74,-0.0,212
47.75,38.5,9.75,46.25,38.0,0.0,-3.37,-2.74,-0.0,213
48.75,37.5,12.5,48.75,37.5,0.0,-3.54,-2.7,-0.0,214
50.0,37.5,14.25,48.75,37.5,0.0,-3.54,-2.7,-0.0,215
50.25,37.5,15.0,50.25,37.5,0.0,-3.65,-2.71,-0.0,216
50.25,37.5,16.0,50.25,37.5,0.0,-3.65,-2.71,-0.0,217
50.25,37.5,16.0,50.25,37.5,0.0,-3.65,-2.72,-0.0,218
51.0,36.5,16.75,50.25,37.5,0.0,-3.65,-2.72,-0.0,219
51.0,36.5,16.75,51.0,36.5,0.0,-3.7,-2.65,-0.0,220
50.25,36.0,17.75,51.0,36.5,0.0,-3.7,-2.65,-0.0,221
50.5,35.5,18.0,50.5,35.5,0.0,-3.66,-2.58,-0.0,222
50.5,35.5,18.5,50.5,35.5,0.0,-3.66,-2.58,-0.0,223
50.5,35.5,18.5,50.5,35.5,0.0,-3.65,-2.59,-0.0,224
50.5,35.5,19.0,50.5,35.5,0.0,-3.65,-2.59,-0.0,225
51.0,35.0,19.5,51.0,35.0,0.0,-3.69,-2.55,-0.0,226
51.0,35.0,19.75,51.0,35.0,0.0,-3.69,-2.55,-0.0,227
